32
4 29 31 19 15 6 5 27 9 18 20 30 16 2 32 26 13 7 23 3 17 25 28 10 8 22 12 21 1 24 14 11
26 13 11 3 5 9 8 12 23 18 2 1 6 32 20 4 7 19 30 16 21 10 17 29 15 25 31 28 24 22 27 14
24 28 27 30 15 16 9 3 6 32 19 11 29 25 8 17 10 1 2 26 20 12 22 14 5 13 21 31 7 4 18 23
3 16 15 19 29 28 31 24 26 11 8 12 23 5 18 27 2 9 13 1 30 17 21 6 20 14 4 25 32 7 10 22
6 26 16 9 5 17 21 8 31 24 12 7 19 1 29 13 3 15 10 4 22 18 11 2 23 25 20 14 30 28 27 32
4 28 15 23 5 13 11 9 20 29 18 3 27 25 14 10 2 8 7 19 21 6 30 26 24 22 17 31 1 32 16 12
1 6 26 14 31 8 23 16 25 3 24 15 2 29 11 27 28 17 12 19 21 4 20 9 30 22 7 18 5 10 13 32
23 7 26 16 25 6 8 19 2 22 15 31 5 24 28 17 4 21 20 13 12 27 29 10 11 9 30 3 14 32 18 1
29 5 14 27 30 7 4 21 18 22 6 15 13 12 9 1 28 11 10 3 31 19 2 32 17 20 24 8 25 16 23 26
22 5 23 2 6 7 19 16 27 9 31 29 32 26 8 24 15 21 11 12 20 1 14 17 28 18 30 10 3 13 25 4
23 8 17 12 1 11 10 19 9 29 18 31 21 26 27 7 32 2 16 24 6 30 25 13 20 28 14 4 22 15 3 5
4 3 19 9 14 15 25 5 6 22 17 1 32 18 12 21 30 28 8 11 29 10 26 7 13 16 23 27 20 2 31 24
20 31 8 12 9 2 7 29 24 30 22 15 1 26 21 17 6 18 25 23 27 16 13 3 19 11 14 4 5 32 28 10
22 10 3 6 2 26 24 28 7 23 5 27 29 30 15 25 18 17 1 8 19 4 13 11 21 12 20 14 31 32 16 9
9 21 30 7 17 4 29 11 24 20 3 14 25 2 19 31 13 32 1 12 10 6 5 16 26 22 18 23 28 15 8 27
21 13 31 11 12 6 16 4 23 15 28 20 14 9 17 19 25 3 22 18 8 24 27 26 5 1 10 32 2 30 7 29
1 13 31 16 4 22 7 6 25 26 15 11 14 2 17 28 29 23 3 18 24 10 12 20 27 9 32 8 21 5 30 19
31 2 4 18 11 21 9 30 13 16 17 10 24 6 25 14 26 1 3 19 12 32 28 23 7 20 29 5 27 15 8 22
5 13 32 26 25 9 20 31 2 1 23 15 27 6 29 12 11 4 18 30 21 8 3 16 17 7 22 10 19 14 24 28
17 27 9 32 11 5 7 29 25 31 15 2 26 3 16 19 4 8 30 6 21 14 24 12 18 1 28 23 20 13 22 10
27 12 21 30 1 15 31 25 14 9 29 20 24 17 22 11 4 8 7 28 23 6 32 19 16 18 2 13 5 26 3 10
20 12 23 3 30 16 13 26 5 28 19 31 14 6 18 27 24 10 17 22 11 15 8 25 29 9 4 7 32 21 1 2
2 31 4 10 6 25 13 15 24 7 5 30 12 19 20 17 16 18 21 14 23 26 11 1 3 29 32 28 9 22 27 8
7 14 23 17 6 27 28 8 30 22 25 18 3 2 15 12 9 13 32 1 19 26 4 16 5 11 29 10 21 24 31 20
28 14 1 26 17 27 8 9 13 10 19 16 29 5 20 30 24 2 15 6 31 18 21 3 32 4 22 11 23 7 25 12
20 28 1 16 17 23 2 12 9 4 5 29 15 24 11 32 19 27 13 14 10 25 18 6 7 26 30 31 22 21 3 8
8 19 21 25 18 26 23 28 14 6 1 17 24 5 16 29 12 11 22 13 4 27 3 9 10 32 30 7 31 2 20 15
11 19 31 17 13 6 30 26 16 28 2 23 10 4 14 5 25 15 24 3 18 32 21 27 29 8 22 12 20 9 1 7
30 29 20 2 24 18 4 11 16 21 25 32 8 17 10 1 27 15 7 31 3 19 26 5 22 9 13 23 14 28 12 6
9 3 4 13 16 22 27 17 20 1 19 14 23 15 21 6 7 30 29 8 11 32 24 2 18 31 25 28 26 12 10 5
29 23 30 6 18 8 12 19 4 15 5 11 22 1 28 20 13 31 16 2 9 25 17 14 3 27 7 10 32 21 26 24
4 9 5 3 2 28 20 21 32 25 19 26 27 1 13 23 6 16 14 15 12 17 29 30 10 8 11 24 18 7 31 22
15 7 10 16 22 19 17 30 12 8 11 3 28 9 29 6 20 4 25 5 26 14 32 31 2 23 1 27 13 24 18 21
19 23 18 21 26 24 3 30 10 16 29 32 20 9 25 17 2 31 8 27 28 6 13 4 5 7 12 1 11 22 14 15
16 23 18 30 11 31 20 13 22 5 8 24 12 6 32 29 4 3 15 14 1 28 9 25 27 26 10 21 19 7 17 2
23 8 32 15 21 26 9 16 11 1 28 13 6 4 24 5 31 12 19 20 3 18 25 30 7 22 10 27 29 2 14 17
18 1 9 26 13 31 5 29 17 30 2 6 3 20 24 22 25 10 7 27 4 28 12 19 11 21 16 23 8 32 14 15
29 8 5 24 6 28 25 10 22 2 7 11 27 3 32 31 14 19 9 16 26 13 12 23 1 17 20 30 18 4 21 15
2 13 14 5 28 32 30 26 3 17 6 23 16 20 12 21 18 11 15 29 27 22 25 19 1 4 7 24 31 10 9 8
16 27 21 15 26 25 22 9 11 24 18 32 17 3 28 14 30 31 10 7 12 23 4 6 13 2 20 5 8 1 19 29
14 23 25 9 21 31 11 12 8 24 17 30 10 15 27 4 2 3 7 6 13 20 28 29 18 19 1 22 16 26 5 32
30 31 14 5 29 15 26 3 22 18 12 1 20 27 28 2 32 13 17 11 8 7 25 16 24 23 6 9 19 4 21 10
18 30 10 20 31 14 28 5 32 12 16 1 21 9 8 3 27 11 15 6 17 26 7 29 24 19 22 13 2 23 25 4
12 26 23 10 8 19 9 7 1 29 31 13 6 24 28 5 14 21 15 25 17 2 27 30 11 32 22 20 3 16 4 18
32 9 14 19 25 18 26 5 4 24 29 23 15 27 13 2 30 17 16 22 1 28 7 8 20 21 12 3 31 6 11 10
32 5 11 31 2 19 25 24 8 29 1 26 7 6 28 23 17 21 16 12 18 3 9 14 27 10 22 30 4 13 20 15
5 6 17 22 31 30 1 15 14 10 9 8 26 24 29 3 12 16 32 4 23 2 25 27 28 20 18 13 11 21 7 19
2 3 14 11 10 27 20 29 31 30 28 18 23 5 21 16 7 32 4 19 6 8 25 9 24 13 22 17 1 26 15 12
15 5 31 23 14 10 18 6 4 21 2 3 9 28 20 22 32 1 27 24 29 26 19 13 25 11 12 8 30 16 17 7
20 28 24 25 32 13 30 27 3 1 9 12 8 21 5 19 7 17 26 15 4 2 11 16 23 31 6 18 10 22 29 14
16 12 23 18 2 26 11 24 21 19 17 6 3 30 8 9 31 13 7 20 27 1 15 32 28 5 29 14 4 10 25 22
25 27 19 28 17 16 1 2 18 10 4 23 7 13 6 21 31 12 5 14 3 9 8 30 24 26 22 32 11 29 15 20
19 13 25 27 2 4 32 30 18 7 16 12 9 24 23 11 15 21 14 3 31 29 8 10 1 26 17 22 5 6 20 28
5 20 29 8 15 14 21 1 12 18 19 28 13 31 24 30 32 27 10 6 23 22 4 11 16 26 3 7 25 9 2 17
29 3 1 10 9 21 31 22 5 14 26 28 32 19 24 17 7 30 11 16 12 4 8 25 2 18 13 23 15 20 6 27
13 26 24 15 12 19 28 20 5 31 30 14 9 22 25 8 4 16 1 29 17 32 10 7 27 11 18 2 3 6 23 21
27 13 32 26 11 28 14 15 21 20 17 25 8 29 24 31 4 12 2 18 16 10 9 23 5 7 6 1 3 30 19 22
12 14 1 6 4 28 21 13 15 18 19 26 8 9 24 5 16 30 29 7 17 27 32 3 11 10 25 22 23 20 31 2
29 17 26 20 1 5 13 23 10 3 12 7 25 32 6 14 31 30 27 4 8 19 2 28 15 11 22 18 16 9 21 24
10 14 6 17 5 7 4 29 20 25 18 30 1 27 31 32 22 15 21 8 3 26 24 11 13 9 23 12 28 16 19 2
1 31 11 5 17 9 24 32 19 10 23 4 25 13 3 7 29 22 21 12 16 30 27 14 2 18 6 15 8 20 28 26
29 25 20 24 8 6 27 19 16 18 4 5 32 2 15 14 10 1 30 22 17 21 28 9 7 31 23 26 11 12 3 13
25 17 9 27 22 13 15 5 3 20 19 30 7 12 1 21 24 26 2 11 6 18 8 4 14 16 31 10 32 28 23 29
6 28 11 31 30 2 25 7 32 27 15 8 10 3 12 20 17 5 16 26 13 18 22 23 4 9 29 24 1 14 19 21
